  -621121960  -156550128    89440857 -1315345616
  1937883806   877634485 -1308105367  -676073503
 -1896971079  2108675124   163707018 -1414809905
  1457985710   -92986849  2081904822  2024987908
 -1932905785 -1634969195   176041519   752781836
 -1942947024  1539294209  -926605676   907772147
  1897219362 -1221344811   253551649  1272684593
   261964952  2009089916 -1622142119 -1133973657
 -1355998057  -596700469  -628817831 -1842499475
 -1183839947  1179899856 -1405442993  1573072822
   458827003 -1677174774   966455509  1784957004
   909742562  -431536886  -866445968    23189822
 -1236261550 -1215481462  1742183071 -1819854443
  -174884107 -1495194941  1944097221   915276546
 -1873316963   846086169 -1087755728   616408923
  1773141810   324149136 -1664267434  1219670864
   -39131583 -1179424781   734875386  1306409955
   688626934 -2135940121  1603798099  1380587860
   588839474 -1282622033  1292846081   306273926
  -553445835  1123754898 -1628448831  -893574669
   679601329 -1315862144  -816807313 -1095845626
 -1592245438 -2078678228  1498069625  -695409634
 -1305260273  1863726297  1487352683  1202847951
  -879158141  -688409163 -1072134989   -33395511
 -1540822969 -1168518286  2102074617  1437280806
   -16513554   -70820606   -68748546  1865253091
  1930110359   695486658  1627946820  1595019877
  1074967986 -1059296681    -8265783  -292667755
 -1653100151  1547329845 -1964012140  1273618886
  1574815841  1513136530  1711930164 -1388898625
   973033655   120538754  -722297318   210641179
   589740551  -424749487  1801185301  2125103631
   -76988656  -400623243 -1783750274  -943955037
  -408621638  1803250806   -80749377 -1572101133
   561282155 -1502604008 -2115576679 -1553576333
  -921379681   928854887 -1477981748  -789213222
  1657711109  1470714287 -1830536636   735829224
   580213532  1968204664
